695 730 242 53 273
-113 -295 -93 22 418
801 358 227 11 20
-869 -54 -87 41 624
630 905 -57 63 756
124 -745 -856 96 188
607 214 559 49 353
441 814 -419 58 579
-487 -242 873 70 599
-930 577 961 32 677
-253 704 270 95 947
465 -391 251 79 140
-463 257 694 35 247
-795 -171 -899 62 518
684 -554 269 89 649
673 -317 -948 35 854
868 -67 -968 85 644
833 -161 -3 10 49
853 721 92 47 425
-527 -236 -522 21 45
311 883 599 22 299
441 995 927 33 96
246 704 234 42 640
-757 -30 -496 21 954
-208 247 -163 31 775
122 -578 176 2 646
-930 -665 949 98 159
243 912 664 3 652
-371 86 583 12 943
-730 449 -622 78 992
-701 -693 487 40 292
229 264 900 89 596
139 743 -858 84 9
-236 673 362 51 64
575 -288 75 36 39
587 -260 55 85 413
131 -122 -967 13 757
-478 110 998 48 57
346 -166 -919 56 111
-312 316 40 11 818
609 -513 -581 55 879
241 787 420 58 402
-512 599 493 69 962
-777 636 938 34 223
439 -637 201 88 324
138 858 -807 64 367
-370 -443 -576 39 302
5 583 696 92 654
767 -722 -647 75 896
463 -797 -898 28 916
-609 941 -781 10 968
-627 643 123 57 804
-325 -569 -163 79 190
346 623 879 90 847
321 -548 732 90 880
-565 352 -772 46 658
540 -879 -359 65 209
-560 -505 -937 82 391
-494 425 324 55 371
202 563 -711 72 225
11 33 -267 91 794
-270 384 602 79 15
336 -713 652 32 433
-65 707 -804 68 392
-352 451 97 60 69
-405 -853 -818 74 103
249 -159 -63 25 947
915 872 447 97 335
974 -153 748 83 172
684 844 625 61 564
-388 101 237 44 549
605 381 -555 78 934
672 -916 189 32 433
428 610 787 27 118
-217 474 -365 91 743
962 951 600 65 829
441 384 -58 15 836
-552 -782 255 85 262
-496 -508 -470 59 490
218 -487 -922 60 880
515 124 -201 64 719
644 120 -303 44 384
246 97 919 76 731
576 286 982 101 768
537 -764 -395 79 535
-734 694 -610 16 541
-606 -70 596 2 633
-189 -194 954 31 573
-914 483 996 79 349
556 -206 -137 83 82
-299 842 -473 57 320
130 -468 -317 30 852
820 -364 767 93 143
-97 -625 -399 66 40
148 -128 583 96 239
-855 -431 971 15 849
571 -454 -251 74 61
-524 -76 -774 72 511
-571 -664 -138 50 173
971 -113 -244 22 164
290 358 -285 40 252
255 -202 946 22 147
239 -720 -60 100 172
755 98 59 63 446
-429 -142 -886 12 747
581 176 131 3 1
555 832 -691 12 80
-976 -635 -34 44 141
874 -134 -158 46 122
542 -177 -48 73 582
361 212 -339 24 810
223 945 317 78 990
-964 64 269 31 525
775 95 -588 59 614
492 221 -829 82 678
-733 -338 325 29 125
999 -660 107 92 722
541 486 -449 68 841
-444 -887 984 27 759
-542 -89 788 28 218
-112 831 -114 35 450
402 -347 -657 5 451
-631 -717 80 63 533
-323 473 525 29 595
364 709 -244 27 529
748 -660 497 48 722
-283 -801 -19 33 187
-428 -603 654 8 831
242 758 506 91 983
19 -464 -481 98 985
90 -809 162 28 276
95 987 -541 67 402
-95 -836 504 24 791
-698 -846 904 69 896
959 -120 647 88 379
-87 -440 705 89 189
908 -377 36 53 335
995 927 -352 14 657
-9 773 460 3 80
-398 189 169 49 804
982 921 -404 99 270
968 454 -572 80 916
-52 -629 -568 18 958
-764 369 -518 41 940
127 385 -704 89 180
750 676 -101 16 776
296 -914 240 10 778
-767 707 738 7 546
41 -75 703 41 584
668 459 819 96 349
670 -389 241 78 402
-781 617 497 20 538
940 185 87 8 357
-293 236 813 56 509
-891 226 885 54 874
-742 -129 918 84 156
-280 -399 -487 72 198
844 97 71 40 196
-263 40 -158 5 70
853 345 769 75 109
-811 -201 -295 2 606
145 484 -276 92 443
-175 -872 -970 79 133
928 186 -745 86 567
7 974 534 100 643
503 809 367 11 537
747 977 166 97 26
-821 810 -171 59 414
905 178 -793 58 581
46 469 -298 90 546
61 37 666 73 121
-980 -480 -519 18 828
887 -465 -487 67 798
-524 -959 692 57 530
-344 782 126 34 584
499 -1000 502 59 553
27 -27 -667 42 220
169 -453 -31 37 920
-227 890 931 9 103
-155 447 868 63 991
353 522 216 83 120
832 -21 -867 13 813
-757 685 -667 71 308
-426 205 648 77 191
-460 827 -488 16 622
942 -520 752 45 188
500 -288 268 53 203
-317 384 202 72 155
61 -956 80 41 963
121 -673 -363 23 288
517 413 854 19 992
-104 -668 -251 90 78
-128 151 101 94 606
-452 -644 185 79 838
171 705 -115 79 758
-138 -322 -366 99 510
566 -633 -289 51 329
-692 246 675 89 180
721 -63 -26 67 990
-406 -814 836 48 387
-832 -161 798 36 609
113 571 676 4 711
-701 752 705 59 401
-552 -449 -910 90 197
335 -260 -492 57 800
-498 -592 98 9 370
559 540 -436 73 908
-668 824 586 25 704
478 -182 -937 28 747
-638 118 -814 24 494
-573 632 -293 31 379
-146 -28 -142 75 370
616 -93 -365 10 456
963 714 142 82 212
961 248 -358 35 338
-671 332 -534 98 189
-184 -911 -557 57 30
288 572 -718 66 744
-461 424 133 61 385
323 -808 146 69 670
-429 -245 22 13 790
-292 -494 616 45 383
-720 -847 -141 57 0
535 608 707 32 889
-996 -662 -103 52 48
-833 -40 22 31 75
-179 -38 127 51 677
32 -620 702 87 159
806 -583 869 76 400
-686 62 -389 43 767
-796 -882 472 74 954
-527 -679 361 25 564
-230 -143 -156 46 181
-560 -981 -283 46 170
530 -883 644 40 796
-511 841 930 23 766
-714 -762 -443 34 965
894 908 -932 73 455
391 1 738 74 440
169 -427 543 58 825
-203 -350 481 71 110
108 978 -506 78 428
520 -938 512 89 590
610 503 53 27 712
707 131 663 99 464
-446 -694 -324 100 333
781 347 -925 81 869
116 -118 -713 30 662
423 122 317 13 241
115 -960 -791 5 656
-96 672 -863 4 176
168 279 -153 101 981
394 706 -985 16 384
667 568 585 61 179
-48 408 -382 35 772
-376 450 -807 82 83
-787 92 -280 57 611
856 -877 -279 28 362
-650 573 371 50 359
-40 -465 -274 73 539
66 298 907 45 21
473 292 60 8 86
289 48 -398 61 579
607 -619 -624 55 328
150 141 -597 85 792
-254 -521 -954 86 309
243 -731 676 29 121
-730 -183 669 36 2
-393 -713 -218 81 329
169 822 388 54 100
-505 711 754 90 647
-909 -204 -535 44 112
603 -840 -318 6 983
-561 915 876 89 246
964 -682 -131 41 571
-841 -985 -203 26 342
459 -648 -751 33 438
-842 507 -503 24 758
474 380 -796 91 610
-85 -6 684 97 202
741 -927 259 49 874
-230 306 -846 25 52
438 753 41 63 908
370 -712 515 79 929
-499 708 -999 54 165
272 -824 741 74 560
420 601 -566 84 138
-41 -333 -917 64 52
-972 198 -510 75 855
85 -200 -269 83 761
590 -785 -443 15 39
22 397 -617 20 911
728 -186 -847 58 108
-259 -518 -642 16 731
421 511 -167 74 712
887 170 -997 13 909
147 370 973 71 364
357 -660 -894 3 942
942 -498 -929 36 202
296 -991 -541 100 56
-540 -131 -544 11 71
-731 -150 -331 17 656
-457 222 749 11 853
894 -901 140 22 701
942 -17 606 74 769
958 -60 643 100 146
457 -844 904 66 378
56 -888 -892 57 912
-442 356 645 16 483
536 -71 796 64 802
-697 -401 304 12 131
-607 294 597 80 917
640 24 -630 49 359
-27 -195 -692 59 325
293 203 792 78 538
621 6 229 88 3
422 661 -523 92 325
-817 -598 684 56 601
-353 114 -182 93 21
746 -560 -124 24 367
-594 -666 -890 25 19
882 55 -14 67 747
455 105 -896 69 129
-762 527 135 64 129
-837 493 -393 77 637
-619 152 -441 64 502
-190 643 -556 64 349
-181 579 403 81 106
-750 -882 -44 11 326
-210 -583 -755 7 805
970 302 19 17 297
-592 -330 -50 23 556
388 912 648 10 765
430 -374 -570 14 851
714 73 75 48 930
252 -731 -196 85 692
-11 879 522 49 537
-377 -724 -19 99 214
468 -952 -334 31 800
-204 -16 805 83 709
-607 -622 -452 30 202
-574 -960 22 19 278
190 370 -247 87 17
-388 -773 -635 96 694
-425 519 791 6 613
-270 -892 344 85 821
-320 -55 -647 47 662
-487 -640 -879 71 733
370 -454 673 62 105
493 -109 -457 22 786
-626 -65 519 15 135
710 642 106 23 146
-885 -615 -377 19 393
-512 -383 -703 33 441
-374 928 6 101 366
-862 555 46 83 665
-24 866 747 18 239
-475 29 -642 17 787
-70 990 -759 24 538
9 920 -487 65 67
587 -687 -659 52 512
-974 -371 -381 22 667
-5 345 619 36 976
-22 -973 -707 15 710
684 -197 -766 82 829
-755 687 691 3 62
62 -269 -78 59 621
-193 49 -133 66 703
949 671 488 5 767
461 -3 -292 82 439
317 305 467 6 870
340 452 -206 35 785
-825 -705 -523 6 130
-672 -918 844 80 427
-520 -188 109 91 496
259 877 387 22 232
789 -260 635 4 544
539 -820 923 71 125
787 566 904 100 225
945 -286 239 73 329
-338 199 -228 70 148
926 812 -250 94 442
763 576 -238 36 522
526 718 457 77 279
-326 260 -269 42 666
587 -478 121 29 344
-664 -923 70 71 671
71 -463 -651 94 635
-178 75 778 43 892
841 -172 -261 60 66
747 953 -279 61 719
907 44 22 78 254
220 -787 -683 17 219
634 -20 -852 77 31
967 -265 267 45 969
120 225 -111 5 775
-988 -640 -107 36 406
-138 607 -865 86 180
-4 -154 772 56 444
-842 801 -959 28 433
877 941 567 13 801
13 -367 -408 11 675
-983 -327 -902 84 178
-779 -175 447 51 914
-2 749 211 10 555
-390 545 337 21 640
-709 -825 -256 21 385
706 33 -557 82 318
-50 82 945 83 318
255 738 -853 34 850
-562 -881 824 85 236
-558 457 -552 65 28
-300 538 618 99 742
-981 -424 -442 71 351
-917 -236 -237 98 494
503 -670 488 72 814
428 13 -945 48 452
-90 -493 -259 100 706
-717 -943 391 36 222
-220 -844 -607 46 300
392 698 750 86 779
-622 -531 320 84 94
584 751 -54 62 834
-109 314 -465 42 933
481 582 648 90 975
595 -298 203 38 132
441 -933 -611 27 404
-742 -400 608 64 374
57 -682 -357 21 152
-832 -94 993 84 221
171 -185 783 72 276
778 699 449 75 813
-965 577 179 62 782
745 305 -563 82 141
225 -158 218 19 876
305 -908 -518 69 326
824 -407 31 4 759
-935 -534 -132 43 680
-960 427 333 58 557
585 763 138 39 563
545 -223 -400 21 544
-299 -853 -645 97 627
878 -466 -556 44 336
-747 -979 -627 99 711
-458 866 -10 88 297
101 -701 -689 41 511
-356 631 -431 3 643
163 -111 -998 95 546
900 -265 228 82 90
489 180 -139 16 640
-986 726 -742 29 494
663 -516 -921 92 724
-322 -893 923 27 719
-803 481 -366 98 60
-794 -143 -336 52 299
511 260 -341 90 674
217 -658 321 70 157
917 719 217 97 490
-419 318 -89 14 369
-995 -26 221 20 219
-245 843 -51 96 310
499 -830 -886 32 65
-187 -261 -346 45 539
-777 736 211 40 198
646 -812 -542 55 704
969 -542 -848 33 195
483 -608 -414 60 629
-458 -553 -654 47 888
-179 -928 623 51 327
-40 -897 983 54 664
-55 -68 -802 3 481
-238 289 24 32 549
372 598 -60 57 644
3 -897 -97 49 241
200 400 153 43 368
-846 -998 -63 79 162
302 290 322 29 291
-388 -737 -863 87 18
-709 -471 102 98 300
551 988 -809 12 342
-352 -158 669 88 372
-120 790 -399 39 758
377 143 -811 68 302
-83 -728 -546 54 737
550 443 -889 34 957
-679 -351 269 16 618
-965 904 13 14 378
-974 653 -611 97 474
931 459 -449 81 495
-673 -414 -733 97 242
-316 -25 -417 5 648
569 928 260 99 796
-917 111 797 62 393
611 385 -578 4 857
-167 -518 -135 54 695
-599 353 978 5 695
446 606 -736 65 406
-852 153 837 31 274
201 -438 -789 41 343
-427 966 -923 20 276
-319 854 -951 13 794
436 538 841 89 714
-135 601 -369 22 559
481 -311 251 65 597
295 -868 -542 48 947
-748 -821 577 89 969
370 -113 -191 92 202
654 -405 -769 21 557
-57 19 335 84 268
-676 825 -962 85 644
-779 -186 -712 72 374
823 -258 81 27 163
833 -658 -341 26 788
672 725 677 13 622
-423 -196 -695 55 905
0 790 359 91 256
-21 -724 -5 66 942
419 115 -534 12 301
128 683 -719 43 540
-142 -506 -67 71 395
-971 919 784 95 253
-189 566 -711 33 499
-77 186 524 41 308
-592 -780 727 57 481
467 859 209 22 240
94 -951 554 9 14
-105 -133 247 46 571
567 510 912 34 121
-841 -786 410 96 533
-33 -140 -743 68 533
973 745 534 43 416
-800 319 -239 33 984
-378 87 -851 76 241
85 649 -809 29 256
871 -415 -324 68 604
683 964 690 55 443
-713 -279 -933 42 813
748 523 -148 49 809
624 -732 539 86 209
-912 -856 251 22 792
-312 -763 -412 15 277
-377 91 72 99 163
65 691 121 44 412
-694 576 -615 64 274
-480 935 -485 78 508
-584 -931 -771 22 724
-235 892 780 73 832
-68 -389 957 33 229
-810 943 -376 92 170
713 48 510 86 684
808 -647 -621 48 965
-149 351 -367 82 264
-895 -189 -162 77 124
-193 723 244 8 452
630 772 -151 86 820
-212 770 -216 98 646
996 479 -602 40 842
44 -764 894 18 156
-192 -317 -316 78 631
-291 -526 75 59 255
-352 -783 -359 50 816
442 -439 -298 85 66
290 332 -873 100 578
523 915 643 22 297
-555 -933 -132 97 764
-191 416 -803 100 602
798 -991 987 79 712
-485 -525 -674 36 773
963 -884 712 73 742
-717 -725 -110 44 352
275 -579 856 44 860
-52 -467 -39 49 141
-206 400 554 73 149
-291 963 301 8 694
-872 -645 849 57 311
-338 488 420 7 749
615 -373 -843 96 791
425 -781 -738 78 792
126 491 -143 21 84
-501 449 881 31 416
249 -195 54 67 843
688 22 -155 97 486
-688 744 -68 57 478
727 -61 -601 42 355
812 685 -602 93 340
-465 -774 426 22 240
501 -319 30 49 523
-878 -146 -454 74 465
-580 616 454 16 486
-921 970 600 26 419
283 -267 -460 14 938
743 664 201 36 800
-241 -532 249 27 598
-670 186 -980 33 340
-894 -135 325 74 874
979 -357 852 85 21
-620 215 -530 66 849
-19 298 664 38 695
-827 291 -450 27 347
-368 -124 352 65 256
623 686 794 9 166
173 975 234 99 873
545 -546 623 3 946
-24 816 -470 81 133
-575 494 327 69 107
385 569 787 46 353
-797 863 398 33 424
-166 -371 -689 73 850
-533 -854 -701 73 572
-667 161 -422 72 702
-518 -173 943 69 117
-440 -380 317 33 546
136 -377 127 22 82
-205 148 -511 64 942
413 562 -309 41 839
-993 946 383 24 37
805 868 -380 35 209
-561 -761 -790 46 772
629 -997 412 68 541
924 -153 1 9 490
-774 -743 -794 37 959
838 -503 868 88 711
-372 -273 717 56 743
879 -82 -783 36 202
-519 90 -710 2 470
-817 763 -225 86 50
-159 -486 674 53 671
195 -549 -837 63 638
-232 456 352 100 372
622 -258 -256 51 641
814 -775 -766 59 711
845 -617 943 52 977
-983 -588 -113 46 233
47 206 -668 14 493
-22 130 949 43 882
799 634 -676 83 887
827 781 139 35 138
718 309 20 47 817
-570 -581 293 16 333
-403 22 -681 44 488
820 -128 -520 101 400
-515 939 -44 47 282
-850 172 14 8 603
436 -134 -529 92 658
308 -596 998 28 118
-861 -346 -591 80 75
829 901 -6 8 93
-761 -930 636 10 725
-204 -426 -305 12 516
315 -288 796 101 360
-396 -633 834 28 512
-267 -39 -532 22 940
173 66 777 79 639
957 -906 569 43 177
-619 -802 60 75 75
-315 747 703 51 471
637 -649 -590 63 19
325 -103 -344 71 801
-689 -965 -255 96 409
502 31 -101 28 867
-709 -410 879 15 351
31 787 -776 46 52
452 -820 -868 59 351
-57 101 901 64 655
-495 601 -673 25 892
-62 -978 -704 31 112
341 -61 707 66 289
676 760 427 53 766
-138 -249 966 91 583
-38 -224 -799 59 471
-664 -84 153 19 405
441 605 843 65 374
977 247 -133 59 650
448 798 -719 100 581
677 -941 -225 40 91
-78 552 351 81 782
-304 333 -852 37 397
-311 723 561 25 989
695 796 727 79 944
998 -916 188 97 654
939 979 -419 73 34
-308 196 925 86 36
-804 689 -888 61 838
314 417 39 77 97
491 -760 972 44 838
-199 847 -527 94 30
511 818 882 58 608
827 -220 -309 33 276
453 799 783 59 940
-610 643 -40 67 748
40 265 917 80 362
-335 -539 358 97 442
839 -805 780 70 840
701 -204 -581 25 907
-423 -211 511 30 421
-883 -907 -838 87 756
-391 -185 826 48 19
102 43 -555 30 787
-127 911 360 36 734
-731 635 -963 63 22
-946 483 463 20 532
784 -911 522 68 237
-965 610 667 72 822
-10 890 710 38 493
-221 -810 398 64 855
-254 -619 -507 79 127
-936 -791 -958 87 358
207 -74 788 79 53
785 -188 910 4 418
347 825 -13 54 429
-416 483 -411 70 0
930 -560 -809 26 87
-941 -889 -403 31 633
-398 642 -92 100 520
702 -452 -849 101 240
417 -761 -920 96 830
402 -33 754 59 645
781 -371 342 21 805
27 -385 586 55 139
-404 -821 -538 5 987
58 901 -823 91 678
-818 -59 789 68 953
-248 -902 -137 70 843
-100 62 -978 49 756
44 380 570 13 566
-733 827 966 22 916
-315 525 8 33 152
218 307 487 78 543
-703 431 -975 77 635
-12 365 827 2 643
956 57 -991 101 868
-529 559 -63 24 968
-953 557 -342 22 88
-721 -100 -235 81 910
-529 -882 -96 55 419
697 600 271 86 27
-16 -492 374 84 709
-275 -443 -332 23 938
-447 -535 228 4 744
367 323 -664 3 921
719 -211 -622 81 101
74 -112 936 42 955
-801 -721 -717 89 33
405 878 899 42 815
162 379 538 9 197
-877 -994 -895 74 485
287 -572 -351 34 944
-756 68 -646 40 269
-178 -41 773 50 445
112 -739 521 63 548
329 -142 -840 9 542
-612 -431 -123 69 609
-855 25 365 69 390
-627 672 -677 46 987
-436 574 964 86 953
35 -758 740 27 489
150 755 -357 94 270
72 -832 68 92 787
-998 118 -833 12 291
-92 515 -354 47 437
680 -789 308 85 755
-811 871 756 94 752
663 640 -616 41 616
-491 -216 -165 32 930
-914 36 -602 92 429
97 -8 137 99 48
659 -117 92 29 36
-991 -308 203 92 56
-573 -91 -565 19 756
-314 257 -1 62 946
-82 -830 500 82 382
193 -421 66 85 397
-101 743 712 78 234
-599 -527 79 69 601
-526 559 -116 82 235
-702 -655 -87 59 785
-582 -286 -614 80 314
-701 596 -874 39 990
834 -938 -280 9 514
808 -747 808 69 460
-575 181 556 88 238
312 -122 -533 73 563
-453 221 -998 21 88
204 -395 -543 90 46
-717 899 -742 72 424
718 735 125 34 549
-178 643 -685 5 488
-295 191 446 28 731
650 753 -822 30 237
-643 -362 378 79 915
222 -782 -548 74 107
675 376 221 72 748
471 -219 -245 5 439
650 10 428 44 78
904 167 634 12 812
875 -499 -111 86 170
-172 -647 -358 91 50
-351 -788 -547 73 54
-794 304 858 10 129
726 962 -476 52 217
-111 622 -705 9 446
398 -53 -333 76 274
177 -260 14 6 314
-570 617 -792 37 141
758 -536 -337 53 413
-654 292 -721 67 286
502 324 382 31 541
-187 0 -943 88 318
516 -63 1000 38 277
-635 341 732 45 947
530 927 -705 11 654
882 815 -239 27 411
-137 147 431 34 605
619 674 243 34 582
872 -573 -923 64 960
13 -316 837 16 123
-617 -323 406 75 55
-405 456 356 77 152
-745 916 -812 73 752
-368 573 -273 23 351
64 706 -364 58 949
946 802 -660 10 450
-726 841 -574 90 390
-179 -687 -832 76 137
-721 -407 265 59 255
474 765 478 94 421
756 -326 -865 99 820
-85 -455 732 68 673
249 367 -929 51 882
390 24 -271 59 439
-833 -616 66 7 431
583 -502 -912 3 498
159 378 290 88 416
241 360 -311 33 516
598 -683 -980 68 89
-48 -835 -741 24 383
-481 -646 674 58 349
-626 587 -855 5 188
-625 244 146 49 774
69 415 898 54 741
-217 -183 -789 54 263
534 968 -420 60 748
65 54 -122 68 542
701 532 722 13 515
501 -729 59 21 325
883 861 -212 47 38
452 116 -934 22 157
-629 853 853 20 807
-449 -469 710 50 696
490 1 -596 54 94
-122 -714 185 21 462
-909 -815 -98 46 245
-961 -25 498 91 36
352 -955 -876 65 111
-647 -675 -557 20 605
856 -485 35 47 372
-276 106 -65 7 912
-609 -892 201 77 200
-982 -630 5 58 315
-252 -408 280 76 500
93 475 631 45 854
-434 718 251 97 422
0 -826 -265 67 739
12 135 -599 2 676
384 -447 51 2 141
-532 -226 -930 67 246
-987 996 -566 12 609
200 -302 -357 75 743
-350 -934 852 67 347
321 -487 -375 80 255
-135 539 -954 97 768
79 147 222 87 536
381 -736 -249 34 204
698 977 -468 17 623
607 222 -609 36 636
884 -617 427 64 278
231 792 501 42 199
378 720 -486 32 566
-100 -487 -186 40 423
-1000 -705 923 28 859
-629 -290 -404 69 916
722 -928 236 100 670
-847 310 86 9 349
-307 680 576 56 368
697 -548 -155 86 934
848 -79 -755 25 536
-557 -124 -143 66 844
897 561 -865 38 488
356 885 397 77 7
-38 913 -708 100 148
981 -335 -429 55 547
366 -170 254 79 882
-49 14 717 93 475
-913 659 -244 5 851
-682 220 -891 65 565
-990 -248 880 70 791
-288 675 156 72 934
-668 495 809 59 133
626 56 -844 21 48
-881 -271 458 58 5
-974 -934 56 37 273
58 755 483 100 949
246 -686 -720 51 490
663 -572 497 66 677
-145 965 -344 73 909
-462 -630 -149 53 603
153 108 -918 76 905
-363 347 -828 33 668
548 930 258 28 255
-294 778 786 61 601
967 875 544 42 950
615 -248 -878 15 50
-616 -141 -410 7 540
-403 -974 -131 84 925
22 855 690 41 957
210 -271 -854 40 590
372 520 106 64 717
-45 505 -61 8 0
964 -942 -85 91 67
-581 979 389 66 159
599 -578 153 33 837
628 -244 -633 55 32
30 858 -368 82 123
612 860 999 12 5
-824 644 -871 81 900
595 766 -78 43 790
-349 -371 -847 51 936
-929 -730 -580 95 97
-298 708 77 42 756
-199 -584 714 44 535
144 394 506 9 609
576 338 -863 4 795
88 -165 -57 14 697
-242 -311 236 47 27
14 -242 655 81 68
512 103 -912 93 817
-983 738 -900 63 723
-445 -770 417 6 229
-69 -725 -21 55 575
-116 -821 192 13 829
259 -236 442 99 99
129 953 -422 11 47
880 334 -772 65 398
-167 517 -35 34 521
390 -905 -314 59 673
770 478 472 45 497
351 -256 310 78 602
580 -180 758 36 355
-604 -843 758 68 623
150 835 -984 88 164
320 26 59 70 951
612 572 -306 7 31
-756 806 -815 96 382
190 306 -1 56 26
334 -173 -184 25 822
-94 883 -548 14 703
-184 272 -346 24 383
-177 310 632 101 102
918 449 -79 87 754
468 -359 -659 24 606
64 -290 -230 35 285
330 658 -655 94 498
-136 -71 -841 92 57
-623 -308 501 56 352
683 958 381 91 23
311 -709 58 41 429
793 -194 -743 21 885
151 -341 -591 73 685
133 220 257 55 113
-974 252 244 67 409
-823 552 -595 100 497
149 930 -800 16 394
-147 -241 124 42 200
41 710 852 45 271
419 818 587 48 41
367 -76 -431 56 140
-997 330 -900 54 422
924 817 393 98 493
217 -794 -566 51 394
-572 -139 627 57 855
368 753 459 9 879
825 497 -910 53 429
-753 -502 -833 57 116
226 -474 -390 24 681
-15 549 -476 29 492
-296 812 208 30 847
-249 655 186 40 363
29 949 -471 29 139
-611 -545 755 47 103
582 -982 -977 36 802
-8 978 -311 24 300
-709 157 28 91 706
517 68 -587 59 41
939 -46 676 16 156
-415 390 441 33 586
66 502 -931 50 557
339 422 -576 60 870
-638 704 -631 69 137
91 237 283 11 293
-557 -357 -551 53 569
548 930 -159 69 303
-387 76 67 99 392
-957 -540 -535 88 27
-329 -749 -364 8 732
-528 -897 -284 77 409
465 -392 -435 95 905
345 853 -266 63 667
879 -830 -928 56 0
252 -59 323 97 471
-987 -444 778 72 824
-164 955 -833 47 677
47 -14 -578 38 178
894 -760 -381 26 468
-255 396 -49 53 829
779 499 865 30 54
914 521 20 43 304
-231 2 -65 14 858
-288 -79 -125 33 667
-923 846 -702 76 41
715 584 -253 38 80
839 -629 -801 67 867
-619 989 81 64 630
283 460 690 8 527
585 -783 470 84 347
-28 -429 226 5 504
231 282 -561 57 472
883 894 172 25 244
-5 234 -484 49 874
-598 306 -495 5 511
582 269 -760 78 987
451 -470 570 5 486
-69 -990 -64 12 882
-41 -891 794 44 544
483 -581 390 12 841
652 693 -225 4 568
556 251 -913 80 855
-259 -715 359 25 72
-655 -430 106 35 709
884 -710 866 47 999
-394 -954 552 41 629
-911 734 828 55 732
603 -871 -753 81 592
-22 -175 173 81 340
-359 -676 -756 33 389
-105 -771 907 12 66
-409 467 -557 14 212
-77 737 -844 34 519
399 -34 15 64 274
-916 -862 858 12 11
133 661 -28 84 823
-953 218 298 63 627
-946 974 215 51 341
-550 -876 -67 81 575
-735 974 -194 86 865
743 -326 346 32 77
760 -897 319 85 714
-712 -621 -698 20 292
855 984 -134 48 325
60 -34 56 29 832
570 -885 223 23 936
-686 -673 -517 99 516
62 708 142 35 448
783 782 -793 80 525
502 -104 -800 43 719
378 -103 -621 14 597
805 702 -76 11 268
-512 -311 -488 25 119
720 -127 -70 95 93
-312 308 -540 92 543
194 810 -180 37 95
-38 -223 323 42 272
17 -681 314 79 546
-784 -268 -793 42 559
-221 103 207 50 182
-971 441 183 50 419
125 -438 -100 89 17
-609 927 520 42 532
848 733 -487 59 306
-677 -455 370 28 84
-25 741 -272 93 601
917 -767 -852 12 558
577 -859 -883 60 214
-476 173 -481 56 718
759 -194 854 52 576
171 459 590 57 215
809 21 369 59 886
-763 -316 -833 50 541
-26 198 761 60 407
221 765 360 28 409
600 615 -738 60 184
-775 -345 495 49 370
-902 926 519 60 599
-649 925 104 95 431
555 55 -868 54 994
812 800 12 82 223
347 804 -276 30 500
434 -87 -348 99 509
-552 -12 -534 29 593
754 106 214 92 340
-190 -75 91 57 948
-116 -844 -792 69 520
272 786 -318 11 513
867 -536 50 70 732
512 636 -358 8 901
-406 204 165 75 132
-383 8 539 63 860
922 -338 530 22 939
457 89 -330 70 529
-30 572 -388 14 924
209 101 -534 11 749
-584 64 326 46 201
-6 903 -984 85 383
630 507 -780 77 4
-845 407 -674 80 77
5 482 -792 101 343
46 880 519 5 915
-545 7 809 26 883
962 -344 294 48 649
846 785 381 91 225
762 -319 487 18 890
-92 -334 773 32 702
185 549 -833 75 438
-292 -795 476 38 924
678 -375 814 100 869
245 150 -250 21 695
594 832 438 27 656
-580 298 -24 4 785
-89 -79 -179 9 368
-851 -306 -534 58 590
-33 865 -432 40 48
225 633 -31 90 349
213 198 -993 93 143
-321 644 -470 28 307
-961 502 278 17 42
-208 -56 560 56 420
-660 -816 -13 56 31
739 -484 983 53 889
25 -111 242 80 649
-435 -240 936 14 527
-778 -299 -3 46 409
-251 554 558 6 605
-268 786 389 28 234
-819 359 -437 12 524
572 -151 661 24 422
-741 146 -84 66 369
954 -89 -971 58 905
953 -441 815 81 937
13 -718 -780 9 670
-781 -728 -134 2 857
765 352 -335 91 951
213 -100 -952 60 720
785 997 -539 19 283
167 292 -375 57 331
696 727 779 19 708
64 406 -77 36 869
-7 -14 -906 16 286
970 151 -273 84 387
741 -43 -701 23 438
-238 -391 477 79 784
-263 -95 442 46 196
85 -284 907 81 987
-679 -941 -432 88 214
882 -848 603 65 207
-394 -3 258 69 24
911 -598 -108 76 565
873 414 24 68 936
-874 929 618 76 823
290 -726 -143 24 634
624 830 589 74 408
456 382 987 71 143
-909 -862 399 91 314
-307 72 749 62 570
-80 -840 -861 30 907
-536 802 764 81 546
446 823 -285 21 691
-787 -166 -470 26 550
-445 -269 -288 64 74
-513 -904 190 2 603
-656 809 160 84 383
900 766 -86 67 359
407 -480 -89 69 945
993 435 -666 92 101
343 163 447 48 748
-860 -915 -798 92 735
811 352 914 28 782
309 771 -422 42 982
487 -261 35 16 619
-287 741 466 52 14
-819 -767 803 69 878
-926 -68 -131 99 932
-996 336 -956 7 449
-428 801 534 87 366
-86 231 -274 46 683
-642 -664 -577 86 471
193 313 -876 46 845
543 -783 -33 16 389
-375 43 -441 27 851
652 658 -7 100 271
-318 209 -316 70 82
437 -111 452 54 619
-376 -329 -228 36 979
986 -447 113 77 823
925 -533 -659 60 539
-458 4 487 49 256
-373 338 -170 7 420
-510 52 182 3 650
-529 879 -679 19 330
374 -159 -43 3 970
604 -499 -674 42 215
-850 13 -895 10 617
-957 960 -783 96 683
-220 -197 552 16 667
3 297 637 18 578
838 -917 831 11 229
406 799 -127 59 253
677 -413 -474 36 842
860 94 -576 101 545
-514 879 -139 75 23
-449 763 -33 92 31
53 244 886 90 298
-572 -225 -928 60 192
-758 653 740 5 890
935 361 -911 87 176
347 225 987 34 187
903 340 182 68 372
168 -112 462 48 74
-736 -342 961 39 359
-561 -67 -428 67 623
-453 133 40 34 592
760 590 -453 28 49
-394 -546 -62 64 452
-945 837 265 80 884
-338 -830 -661 44 528
502 956 262 79 142
-660 828 -819 68 650
239 275 651 95 562
-295 751 -756 69 596
-348 -609 566 87 554
-522 -733 -206 57 45
-981 -205 -615 65 711
-638 493 -989 50 316
349 364 -16 22 848
819 -252 422 2 72
-335 -108 -588 8 41
390 241 209 23 190
-774 -651 -313 92 874
328 29 462 39 262
-147 -57 -559 80 316
-662 -636 938 50 806
286 -889 -781 101 623
739 91 675 57 702
-109 478 843 96 449
225 -608 705 15 286
-185 -493 963 95 697
870 -145 -742 2 643
-200 -831 719 92 120
-420 -150 985 82 857
533 810 -333 31 485
-644 827 -902 16 961
833 117 758 36 634
-566 999 383 40 769
-554 -551 -531 17 972
991 409 659 33 160
209 537 -349 47 748
-226 753 -503 62 944
95 -169 415 56 27
450 553 -566 85 212
847 -624 366 47 618
84 -363 391 29 490
-523 417 944 83 566
-267 737 716 14 168
786 -720 869 97 857
-332 722 -767 46 682
281 535 -653 64 934
126 -516 824 57 304
453 -100 -704 52 141
78 602 247 59 186
369 -789 774 87 811
-92 631 300 78 633
-623 35 -47 17 177
835 -230 -342 46 55
-804 146 589 31 409
-175 -935 731 56 571
286 -634 -930 86 351
-497 -598 -520 37 267
44 712 520 43 931
918 -567 -763 63 121
-777 564 980 18 962
814 -237 -434 58 515
-122 -434 338 17 693
-562 336 -528 93 172
855 637 977 91 157
709 977 298 44 827
975 723 -22 91 647
75 370 868 64 5
209 279 -167 27 904
700 669 971 41 487
-16 -835 -490 31 491
874 -963 388 88 135
-787 -763 -283 71 722
787 -47 881 79 470
686 -885 -82 13 955
188 -389 -597 41 117
939 248 -969 89 877
-54 122 -655 51 264
282 -903 176 24 602
810 -806 338 53 778
127 -232 -989 6 781
-302 -399 -348 73 991
627 212 -578 12 441
-615 -710 359 29 589
-209 480 567 36 423
-126 517 -534 35 796
-29 553 713 36 279
547 339 243 6 763
553 819 -80 25 312
-123 -803 263 31 363
29 -304 -745 36 615
-962 418 -502 20 398
722 919 592 72 562
-709 -936 -752 26 167
-754 -982 -65 27 25
-615 -66 -204 46 463
-858 -582 886 101 190
3 585 893 25 16
870 -716 -854 39 800
-589 -100 163 28 435
-131 11 -161 60 581
-728 -457 -977 63 146
404 -550 361 73 565
576 99 -970 22 769
770 89 -39 45 349
636 -68 200 94 35
197 236 339 19 596
-267 808 712 57 659
960 588 5 23 630
-197 627 -147 99 535
49 -827 391 44 926
795 843 -60 82 661
891 434 -560 18 595
863 -8 -955 14 765
-163 -42 -71 15 220
-939 -859 381 91 878
240 -264 354 16 864
-338 -447 -660 35 697
24 -720 726 3 592
210 947 160 35 702
521 -132 238 75 402
-183 -717 -515 96 241
248 -123 -339 101 666
-729 708 765 88 217
805 -932 640 78 909
679 -298 110 65 203
-927 -683 -583 73 619
977 -242 846 9 819
-543 336 325 97 708
-913 -945 373 76 599
-147 -388 469 63 99
-416 775 -891 45 500
-603 -283 927 101 788
-987 876 -688 90 773
-956 -845 -894 8 399
-317 -338 471 6 42
-63 611 776 47 465
395 643 -496 99 848
826 -258 -878 9 104
-638 -310 510 74 824
325 -603 -327 84 578
-271 -43 -327 53 207
-599 10 515 26 119
-789 -219 927 24 17
551 -482 -68 21 230
-93 249 -156 91 510
-362 528 432 86 456
56 735 -349 72 284
-131 923 245 28 171
400 332 564 99 886
-774 299 606 63 336
-324 595 156 33 194
-531 295 691 28 712
-878 783 -290 71 321
195 -797 904 42 212
170 -86 -964 54 665
-357 426 -974 15 355
526 -450 -274 24 479
483 809 153 16 374
903 -508 523 82 50
616 825 654 55 278
-996 921 -61 63 394
737 881 -408 28 49
640 -696 -842 80 860
-833 -694 -97 23 710
467 -732 -393 22 984
413 19 -787 52 648
-907 377 -968 28 203
760 -821 323 20 905
-615 -672 456 67 973
914 236 -770 64 330
4 -710 876 12 442
802 -698 300 56 933
-254 959 967 59 117
240 343 768 90 981
-374 977 341 31 900
820 512 -841 69 334
425 -344 81 8 293
581 199 432 23 165
786 -135 544 97 512
-368 460 587 15 760
243 -188 48 46 656
432 972 -453 90 496
-381 -81 -289 36 460
500 -263 56 60 304
-493 -195 -362 55 586
-529 -767 944 3 636
-273 -115 -635 92 831
276 97 496 37 536
-673 236 -483 12 89
-769 -818 718 59 591
760 106 418 45 970
585 -685 -244 19 158
-209 502 702 78 861
-904 202 175 24 13
565 -619 591 61 588
639 415 484 77 356
-234 720 -871 46 193
-790 -29 -121 93 834
862 74 17 43 519
-769 -350 316 62 579
335 526 -863 65 481
216 158 -555 69 205
566 -960 685 82 181
-466 -689 62 34 643
551 947 -19 59 372
-528 205 -611 63 539
607 208 -81 23 190
583 963 -63 91 956
-93 908 -615 59 770
-498 367 708 88 443
-284 -516 156 49 901
-155 -132 956 71 320
659 -646 20 92 628
199 -805 582 46 814
107 -464 -823 20 506
692 161 -480 20 664
711 447 -689 84 907
-781 73 -953 101 462
-746 -352 -59 46 833
466 458 -17 66 323
933 -498 -717 68 822
126 -753 -506 99 289
592 111 682 23 425
47 -9 428 8 529
757 603 404 29 702
483 -318 745 98 143
-744 52 -554 43 616
-192 641 572 61 812
865 -361 220 35 580
-83 -664 -1000 5 552
-472 -101 -285 60 247
119 740 -463 89 598
-794 -327 440 6 743
354 215 -156 45 14
933 501 315 13 157
449 -489 -103 30 213
39 -589 850 42 355
-924 -655 -11 79 839
-319 881 -99 96 163
-626 -975 860 42 491
-12 -245 975 39 426
963 -939 385 96 605
440 180 -330 25 189
-290 179 421 101 336
833 -230 484 48 884
-1000 348 -776 36 68
575 905 788 84 1
484 -694 841 54 81
324 -139 -777 35 427
410 -591 457 49 769
748 -418 69 98 632
-646 -329 -888 45 829
823 -592 342 53 457
-935 857 695 48 797
-339 -843 -264 99 810
-110 568 -452 92 14
-821 749 632 82 813
395 -599 -617 98 111
753 -328 537 65 671
-725 184 65 40 309
-555 -664 556 49 497
628 583 448 43 960
946 28 -46 22 455
-499 552 11 37 769
-345 888 -217 58 696
988 318 670 3 843
-319 -540 801 13 338
739 616 -263 90 75
838 -828 -73 83 948
934 882 28 14 262
705 859 -902 7 920
531 8 644 25 9
-343 -613 -741 6 343
-999 29 739 71 289
-900 -716 -409 62 208
-145 -861 348 85 471
349 305 -698 49 209
-56 -430 -508 52 745
-825 547 -682 96 305
-378 -624 -351 56 267
616 -552 -538 33 59
919 -978 189 34 243
335 -978 -552 11 61
469 422 303 88 289
-630 -723 -189 40 901
-185 990 803 20 710
413 -522 319 32 891
595 67 -533 45 618
749 235 404 89 550
742 730 583 36 272
21 296 889 79 665
-225 807 865 38 267
834 933 125 67 451
225 355 -358 72 315
878 508 -804 93 212
733 742 184 48 117
348 355 -678 83 796
942 706 623 7 674
890 893 -479 91 819
578 -710 873 23 316
-540 947 -450 89 350
304 353 917 15 959
-197 -412 -81 2 957
-782 -411 -421 50 879
-56 411 989 23 762
506 -292 696 82 14
565 900 -160 72 919
558 -759 525 75 169
328 132 -913 88 269
-104 470 -205 45 834
408 -894 33 17 576
-673 870 -237 20 292
503 -46 805 62 627
-451 752 510 46 434
409 -1 622 17 836
278 114 -200 16 26
-930 247 -129 85 1
-266 286 -396 10 448
599 -494 -254 18 696
471 -117 -491 58 908
50 350 745 84 506
515 171 20 3 603
-739 486 812 92 649
620 436 51 3 90
598 492 -697 47 32
524 461 -411 15 331
855 203 -959 14 476
-286 372 -404 71 169
197 184 170 87 741
138 676 76 87 739
86 -690 -901 57 346
161 401 -310 36 650
-91 -584 -236 92 141
-513 -452 900 81 399
603 726 -932 74 971
50 352 -58 93 78
806 -968 -74 94 701
352 943 386 77 510
-190 -433 531 72 112
68 670 785 23 427
-664 998 -249 29 709
-874 426 366 51 640
-656 -406 567 71 697
-946 -777 -743 78 179
-984 -334 549 6 206
168 785 25 78 137
792 -141 -690 86 157
915 -797 -991 75 809
-888 -340 -207 51 277
932 -770 -559 47 708
80 336 510 51 431
354 924 -502 60 773
251 803 124 56 854
-724 951 -893 68 628
725 530 -376 56 660
-703 794 888 88 588
855 819 -896 78 758
118 130 -907 26 425
914 860 931 40 496
-345 -386 -944 51 921
-219 835 279 37 539
-472 -7 -561 52 763
-742 944 608 29 944
-561 -257 -828 54 585
636 276 750 15 256
-396 -510 -324 29 404
587 141 -804 85 209
-427 213 -941 72 543
987 -428 -544 98 39
-340 163 962 80 112
-295 406 186 32 5
-3 -687 932 96 99
50 -101 691 68 462
46 -932 -645 50 45
323 86 442 96 91
365 755 984 67 678
894 -813 -700 71 96
995 -664 -440 76 288
281 540 385 22 434
-294 -727 -700 72 270
599 -554 583 63 80
647 96 324 43 851
906 -154 230 46 842
899 666 -918 96 198
488 413 -404 8 846
283 -637 174 73 850
-55 -474 -10 11 711
-981 -143 -668 92 916
383 -385 352 45 79
508 564 817 92 28
270 -707 -107 73 994
390 988 499 2 279
665 -512 113 90 195
-906 935 39 18 426
-890 855 131 55 174
856 -339 873 70 986
943 -224 -650 44 62
-138 -600 -609 59 712
-498 180 99 69 29
769 -167 289 58 87
-532 158 -387 91 320
878 -863 979 59 303
130 -788 61 74 416
-711 121 -996 8 21
461 567 389 77 137
550 -984 482 61 444
-514 -80 668 3 855
-996 736 43 57 841
-402 29 759 35 877
-421 893 378 92 546
-486 217 -416 28 65
-735 -793 -346 71 121
333 -607 -328 66 39
818 -208 138 4 275
428 693 -308 36 654
-818 778 -654 47 927
-479 69 -955 27 729
335 736 -59 10 17
391 44 366 36 338
982 -763 -420 16 993
-56 -679 827 20 950
727 -922 -52 82 745
-797 859 -552 93 881
-485 765 10 85 736
863 678 -11 59 319
-844 -128 -340 58 60
860 411 874 100 408
-748 -960 544 92 711
790 427 468 39 884
915 -287 75 6 258
251 -894 -196 29 431
-696 552 983 97 30
341 -491 848 96 661
973 48 -423 54 852
289 -418 -335 93 220
-822 -134 -902 49 324
-399 170 280 90 20
657 507 -33 53 929
-303 386 -443 45 873
761 -556 -491 59 943
-741 773 -400 50 569
-73 -417 -844 25 522
-492 55 352 66 278
-82 391 -986 80 739
-894 655 846 98 510
602 -108 232 84 650
-330 578 -373 86 348
877 -775 -897 24 293
-140 -6 618 3 511
-7 -956 -589 89 847
696 14 146 91 535
-18 122 648 75 704
-29 588 686 31 802
-632 -287 198 15 483
-881 -626 -401 54 502
-906 -499 491 58 275
390 -188 814 85 610
-437 910 221 50 625
-679 216 -151 99 341
15 -406 877 90 937
-230 478 -436 8 310
363 665 -115 97 958
-144 -526 -553 15 3
360 564 -122 4 846
982 -919 -487 73 680
-610 248 919 92 32
-514 -222 -946 71 321
-113 -352 906 53 856
912 -227 843 32 739
-469 -742 -50 23 153
389 -356 -529 54 417
355 723 989 70 371
34 278 -629 83 677
-979 -688 107 29 130
775 893 -509 77 320
-888 54 310 84 475
440 862 -158 23 805
651 211 406 73 439
840 445 355 13 824
903 -170 385 34 864
647 -852 -851 96 42
866 -932 802 60 564
-148 737 -106 48 68
-253 -812 163 34 815
-686 122 -353 3 182
782 154 -678 41 780
121 452 -127 94 50
67 102 209 73 84
713 -740 647 29 929
202 -108 -558 49 592
999 708 -989 93 155
-154 612 50 39 902
198 -323 614 32 525
404 187 257 33 46
428 797 914 83 980
122 -341 -395 14 258
-584 318 922 47 185
-778 -792 -395 41 619
169 963 257 51 858
-798 -686 -998 67 953
-522 -938 -979 38 260
-380 -988 -531 83 11
139 192 -261 58 682
-759 -339 -213 27 40
-401 839 372 27 270
-474 -555 -300 28 194
498 -150 -552 76 615
918 -82 -944 92 215
-286 410 -482 68 248
898 -158 -576 21 204
502 502 582 59 317
362 -277 -341 76 115
485 -696 767 98 749
-758 -98 398 41 392
724 663 451 96 485
-284 -453 285 25 5
-886 915 668 67 802
-554 -506 -625 79 397
280 387 134 29 9
496 -83 -681 7 883
-616 612 -671 61 770
-305 112 852 51 834
-193 398 451 99 769
-39 -907 -500 3 244
358 -337 836 78 147
-297 -107 314 99 306
-872 299 -707 60 644
-408 758 -906 42 604
-185 158 -472 48 146
584 -643 -426 32 260
-215 -612 -608 33 48
852 -482 365 95 691
703 547 -347 80 448
-975 195 779 94 497
695 -319 -371 86 545
-790 619 98 73 499
-37 496 761 76 530
-364 190 489 99 716
-2 -971 -65 91 597
-143 436 579 94 929
-667 -61 -539 76 616
456 74 -851 28 599
247 -937 579 53 272
-995 77 -440 11 883
614 287 537 35 411
-49 -881 52 49 153
288 -640 -456 12 662
651 157 890 43 119
227 695 -129 97 538
450 -555 -54 36 660
867 225 -495 61 366
443 766 -862 2 17
218 191 -77 34 134
589 455 674 77 868
-622 -726 -944 13 234
298 -272 -502 60 494
-802 -7 -396 95 202
-796 661 944 47 21
-444 -762 -80 46 900
-139 96 -773 9 793
-609 722 -252 79 541
-114 -345 -880 64 428
-77 754 -533 22 270
-596 806 358 60 336
-211 -187 122 57 841
-719 -284 -437 44 912
717 -90 -493 96 839
-619 -516 -121 35 882
744 974 165 8 824
694 559 -849 23 572
554 680 -351 62 603
583 653 -1000 47 195
-99 409 -197 65 65
721 199 642 58 894
-569 981 184 88 416
140 815 760 54 945
-951 593 160 19 817
-436 -557 260 81 315
-27 241 315 41 656
586 -61 -293 58 516
-671 -418 -199 39 671
588 -919 756 26 92
-347 -473 904 78 691
-809 294 -501 55 374
-715 -627 402 38 717
-753 411 -12 80 823
908 -106 574 65 287
33 -291 -513 73 150
990 -112 384 41 745
345 647 500 67 832
803 882 565 72 728
-183 724 -994 41 508
943 334 779 88 549
391 -26 712 94 812
144 233 -51 42 110
-12 281 962 13 191
579 -338 479 20 248
-505 800 -251 47 550
-299 942 875 63 844
-793 -190 -380 44 831
62 144 -161 95 517
-908 674 -190 46 311
765 -910 266 91 580
251 -481 -695 48 894
-358 897 548 8 922
-85 236 -167 65 967
-335 -967 -951 40 470
-823 882 -436 74 798
259 985 62 77 374
-559 -41 -315 82 188
-951 496 -747 62 355
-29 379 -533 80 636
-176 658 -307 65 787
637 -443 -929 46 673
315 -132 -506 19 282
-79 317 766 49 846
306 789 -960 35 575
320 360 394 92 428
-439 604 47 75 830
-234 -966 848 59 289
-413 -476 856 79 867
-858 -319 -398 88 971
-955 -893 493 20 780
-99 682 1 13 160
984 927 -862 98 86
29 -650 93 50 453
-944 -52 -93 13 237
518 31 777 100 665
265 -421 704 63 34
495 -778 -888 18 12
235 788 -368 27 510
414 284 -469 38 339
21 706 -506 68 14
299 290 793 34 279
328 344 484 36 304
513 209 158 81 383
69 60 840 61 831
695 550 -616 20 626
-328 -253 -68 86 709
-361 -176 145 45 802
-372 971 -790 42 321
-473 340 787 65 841
-503 474 -281 8 101
305 704 -787 37 657
-302 232 -764 7 386
402 -470 -716 83 88
-439 763 259 29 314
90 -427 391 38 858
-340 -302 -194 101 396
721 -920 -899 38 629
559 585 934 11 623
102 -517 -944 66 512
-723 -626 663 38 744
-34 -972 808 28 938
821 -468 46 32 694
-210 -366 830 62 275
670 565 770 76 709
859 584 91 86 394
721 818 -468 71 620
340 681 -620 88 278
-283 470 809 7 774
635 694 -752 89 354
270 730 -259 23 228
366 696 -907 3 391
-329 561 461 57 79
239 -354 -357 65 324
-95 845 -907 20 666
-798 -767 375 70 518
-571 -640 -107 79 610
267 -488 -957 45 267
-256 162 503 41 304
632 959 801 24 192
289 137 233 59 246
-406 -861 168 11 216
-570 679 -491 32 120
781 -366 -525 38 93
566 184 -533 11 768
-677 -405 563 49 149
-840 -942 639 72 420
939 -294 246 95 472
714 953 -731 51 489
308 -967 905 84 476
-286 -881 906 21 673
-542 -845 698 39 670
535 823 -471 65 233
556 920 -530 46 441
-114 597 -146 50 940
-429 -776 -602 100 120
-780 -559 928 52 696
108 -526 -261 96 144
-867 -723 699 31 989
989 626 434 68 526
662 -704 683 33 45
-566 349 572 97 729
520 11 -904 36 580
961 869 -17 17 677
-404 -715 909 32 58
308 -304 -919 56 273
826 -663 784 30 96
897 762 60 75 122
249 -596 240 17 584
860 -883 518 40 796
946 985 -124 99 234
912 25 -731 47 920
-864 -897 -939 90 567
315 -128 188 7 637
-719 -553 206 49 707
68 -302 584 82 486
433 405 -562 47 935
-342 685 149 79 202
-675 -13 -399 80 428
-946 302 -385 40 341
-38 289 -934 18 612
-629 466 -386 10 686
964 644 -176 72 282
453 -173 -909 29 369
850 828 -261 66 22
-770 698 -87 81 757
573 113 110 83 906
375 -749 -18 32 223
-797 -289 706 82 864
51 549 -710 26 175
-731 -473 -763 52 392
725 -981 -782 28 95
-237 -855 380 96 838
-985 -992 157 77 197
725 -802 -921 39 362
627 -221 235 65 690
519 617 -207 90 848
-546 -588 53 101 453
563 405 250 98 480
-925 -326 277 36 264
636 -450 917 7 624
-184 381 -161 90 778
-970 496 -609 14 418
616 -235 187 47 27
782 -281 772 73 813
-781 721 -802 81 188
144 -880 -280 12 901
588 -242 -454 63 366
422 -249 835 14 481
869 455 172 34 621
-562 767 -601 12 453
240 -877 -79 31 219
149 793 540 6 490
-589 428 -537 61 669
-970 -832 947 18 473
-766 -902 -87 41 473
607 91 3 14 296
225 796 -45 23 396
490 491 -432 92 937
268 346 59 7 561
654 -393 -822 93 294
-155 97 643 61 406
-561 706 632 100 448
528 -636 -863 4 71
675 -274 490 6 182
171 193 -981 92 740
940 793 516 19 611
311 885 398 51 103
-45 187 -806 29 441
-585 -364 781 14 639
932 -264 90 71 31
359 349 -136 49 589
-16 -335 578 30 703
210 874 373 85 386
96 -984 424 97 450
-452 -846 542 41 64
-823 552 532 71 698
904 -400 384 3 544
317 543 164 71 178
-769 -200 -162 74 207
-248 -88 623 11 631
677 -223 945 3 865
714 619 -449 15 597
474 -740 -779 78 563
597 314 185 58 906
-22 -791 -988 5 299
-791 406 -576 32 315
-407 -649 -20 31 501
935 452 -913 72 798
-629 -133 -989 87 738
-572 -33 456 59 938
248 206 -446 42 1
92 998 702 58 924
-599 -51 -617 88 936
383 -556 -437 80 421
-425 -217 895 47 194
-538 -652 -433 6 153
-415 -952 -799 65 717
378 490 738 23 159
510 -433 -213 76 215
776 -422 46 64 823
185 204 -986 37 429
100 696 -742 100 449
-8 -416 -157 85 900
-477 82 -868 81 756
-39 -54 965 46 568
-109 -372 830 101 365
152 -986 628 70 797
-153 -99 -452 41 408
825 862 -618 12 300
-11 647 -144 91 928
934 930 -186 90 769
994 -984 -245 61 148
-574 -655 574 64 703
-774 798 -657 86 293
556 588 741 70 548
92 -128 -816 93 181
-253 155 397 85 909
-888 -411 -525 31 881
718 -198 -495 56 174
176 -47 525 66 825
393 -573 -657 15 389
-487 -234 -559 73 635
-197 871 -173 85 14
421 -325 -399 26 668
524 209 987 101 74
-333 -206 -106 42 556
-529 -919 -796 71 536
0 0 0 0 0 0

