11
0
4
30
12
0
15
0
0
22
0
3
0
0
14
48
0
0
0
4
0
0
61
0
50
647
0
0
0
12
0
13
0
0
0
5
0
0
0
75
0
28
0
0
0
0
30
29
0
130
0
15
4
0
20
0
0
0
0
6
0
0
14
0
0
5
76
0
0
19
0
0
0
0
8
26
0
7
0
0
0
0
0
0
14
0
634
0
8
0
0
0
0
0
0
57
0
0
8
15
0
14
0
0
0
1
14
0
6
0
0
0
34
0
8
0
0
0
28
0
26
90
0
41
0
0
0
104
21
0
0
0
132
0
0
5
0
0
27
0
0
23
160
46
0
0
311
0
15
4
5
0
45
0
16
2
0
0
28
0
0
19
0
0
0
0
0
0
21
0
3
0
24
0
0
0
0
49
0
0
3
63
0
0
39
9
0
0
46
25
0
0
12
0
0
11
0
0
0
33
34
356
0
4
56
41
25
0
0
0
0
0
92
6
0
0
0
0
13
10
61
0
0
0
0
6
26
7
11
0
0
46
4
7
20
67
0
13
24
0
0
0
13
0
18
0
0
0
0
0
0
0
0
6
0
0
22
0
7
15
1
22
20
0
19
7
0
0
5
0
28
10
492
0
28
0
0
0
0
0
36
2
0
22
18
0
2
0
68
0
0
46
0
0
0
0
10
943
0
3
13
38
0
64
22
0
11
0
0
13
0
0
15
10
55
0
0
0
0
0
2
23
0
2
16
0
6
3
59
115
35
0
0
0
20
0
0
0
52
17
0
0
0
0
0
20
0
21
0
0
36
0
0
0
7
16
0
94
0
0
0
0
0
0
20
0
21
0
0
20
0
44
0
21
0
0
272
4
10
10
0
18
0
0
0
0
0
0
0
0
0
7
26
2
86
0
0
4
31
31
0
0
0
72
111
30
0
0
6
25
0
0
16
0
5
0
19
7
0
0
36
0
0
90
0
6
0
47
16
0
0
0
0
0
93
0
190
0
9
15
52
12
61
7
0
25
215
0
0
0
17
0
0
0
0
45
0
0
53
22
0
0
0
0
0
0
0
0
0
0
160
17
23
0
0
4
20
0
13
0
0
0
0
27
56
0
0
10
0
6
0
48
0
428
25
0
12
18
17
0
123
16
0
0
0
0
0
0
0
0
41
37
0
95
0
3
0
101
0
6
0
0
15
33
0
4
0
8
0
32
19
0
0
9
0
0
0
0
0
0
0
6
0
0
13
66
22
28
4
16
40
0
0
113
0
27
42
34
0
8
0
0
0
0
15
0
0
0
22
32
39
0
0
0
10
215
0
81
4
27
0
10
33
0
0
0
0
24
0
33
0
89
44
42
0
0
26
18
39
4
0
0
0
0
4
0
0
0
0
0
4
0
7
58
41
4
0
0
16
0
52
0
0
0
236
0
13
30
0
50
24
0
10
0
0
0
0
36
20
0
0
12
302
0
0
0
24
145
0
0
38
0
16
0
4
0
0
23
0
0
95
0
0
0
36
4
0
0
0
8
0
0
22
0
0
58
0
0
0
14
1
0
28
3
0
0
21
0
32
0
0
9
0
0
0
0
0
52
82
0
53
7
0
52
0
0
0
2
0
0
0
0
41
104
6
18
22
153
0
0
0
28
0
0
87
166
0
0
0
322
16
0
0
0
0
1
0
0
373
0
0
183
0
20
22
7
56
0
0
0
120
17
11
0
0
0
0
0
0
18
9
32
0
116
19
0
3
2
40
0
10
18
12
0
0
13
0
0
57
0
11
8
0
0
12
0
196
0
8
23
3
42
176
14
68
0
1
0
52
33
50
0
52
8
0
9
36
0
14
42
0
16
0
34
15
0
0
0
20
15
66
181
5
8
0
0
17
20
0
0
0
333
0
0
0
16
0
76
110
28
0
50
0
80
0
1
0
0
56
0
88
0
0
0
0
8
0
5
0
27
0
0
11
338
71
0
0
20
10
0
0
0
0
74
0
5
15
0
11
61
0
26
116
13
22
43
25
0
0
0
40
22
20
0
0
0
0
4
0
0
0
19
0
20
0
0
0
21
38
20
90
3
77
0
47
15
0
0
4
0
102
0
0
0
0
0
36
2
0
0
68
0
99
0
0
34
0
77
0
127
0
9
12
0
23
0
8
0
19
3
0
8
0
0
0
0
0
0
17
25
0
0
2
0
0
0
0
0
0
12
0
99
10
0
4
0
23
5
15
61
294
16
0
0
34
112
36
5
2
0
0
0
0
0
0
0
29
0
0
0
0
7
1
183
11
0
21
0
0
0
0
10
0
0
0
0
62
41
0
4
26
0
0
0
0
0
0
0
205
26
98
0
49
140
142
0
6
0
0
0
0
7
0
0
0
0
0
34
4
0
0
13
0
0
0
17
0
0
0
82
0
0
0
0
42
0
0
0
0
6
0
14
0
0
0
0
0
11
12
0
187
0
13
0
0
30
0
0
0
0
0
0
19
36
10
34
0
42
0
34
30
94
0
0
3
0
171
0
264
68
17
0
0
2
0
366
0
217
0
49
0
12
0
0
0
24
393
123
0
5
0
9
0
5
61
0
0
16
0
18
202
0
0
0
0
0
0
150
429
0
48
0
0
75
0
0
18
0
0
17
0
0
6
0
0
54
11
0
0
0
0
19
0
0
132
0
2
302
0
0
55
0
0
16
0
0
0
0
0
56
0
0
0
0
0
0
32
0
0
0
55
0
0
10
120
217
0
0
0
62
0
42
0
42
8
94
11
0
0
0
13
357
0
0
0
0
38
0
70
0
0
0
0
0
0
0
35
0
2
22
13
0
37
10
0
0
27
0
0
12
48
38
20
15
322
4
0
32
60
0
0
114
0
32
0
0
0
26
34
13
0
18
0
0
0
5
7
56
32
0
3
27
0
17
0
44
0
0
0
0
4
0
0
0
0
68
0
31
2
20
12
0
6
0
0
0
0
130
0
0
40
0
0
0
0
25
0
0
0
0
13
0
20
4
2
42
0
0
0
0
0
15
0
0
0
54
0
0
32
33
109
0
39
0
0
593
20
0
0
0
10
0
0
16
183
0
0
2
44
0
0
50
14
20
0
0
0
0
7
0
0
0
11
0
0
0
17
0
0
0
9
0
0
0
0
0
1
0
0
0
0
62
89
0
29
46
0
0
148
0
0
11
59
0
0
7
11
0
29
0
0
5
42
212
0
29
30
20
0
16
45
0
19
0
0
0
0
0
0
6
0
38
0
18
0
41
26
10
37
0
14
0
51
67
0
9
0
0
0
0
36
132
0
2
28
28
0
222
17
0
248
0
0
0
34
22
0
0
22
0
0
6
0
14
1
0
0
0
0
73
18
0
0
1
40
0
20
0
20
0
42
0
24
0
26
0
23
38
0
0
0
9
0
10
0
0
7
0
3
0
0
0
23
0
0
0
0
0
0
0
14
9
9
9
0
194
0
0
0
0
479
0
68
0
51
13
0
0
34
59
20
0
0
7
0
0
0
0
0
0
28
61
2
0
0
0
17
16
0
109
6
5
0
0
30
0
2
0
24
25
20
0
0
0
0
11
0
30
18
0
0
19
48
54
0
0
0
36
29
30
0
22
103
28
0
0
1
2
0
0
0
0
0
0
3
15
40
4
0
0
74
0
106
0
65
0
0
0
27
0
0
24
0
57
0
0
0
0
0
10
0
6
0
15
285
0
0
0
0
4
0
138
36
0
54
1
0
62
95
18
39
0
0
0
5
0
92
0
0
0
14
48
4
0
0
36
20
32
46
41
4
0
0
30
0
0
171
19
0
0
26
0
28
9
0
0
0
11
155
0
0
0
0
0
9
32
23
0
23
0
16
0
17
0
70
0
0
0
3
0
2
48
61
38
0
0
0
0
0
0
17
2
24
0
0
0
0
28
0
0
24
0
20
0
66
9
0
39
0
0
0
0
0
0
0
10
0
126
25
0
0
82
0
3
11
58
0
8
0
0
0
0
0
14
13
0
25
19
0
0
10
81
0
3
221
5
11
55
0
9
0
0
36
0
0
1
39
176
7
7
12
0
29
0
0
50
0
0
0
0
0
62
0
0
0
0
0
18
0
0
36
0
76
0
0
4
0
25
0
26
25
17
4
30
25
24
55
0
21
0
12
0
115
0
0
22
5
0
0
0
48
0
30
0
0
0
0
0
22
0
0
24
2
0
36
0
0
1
0
0
0
0
101
4
27
0
0
0
15
52
0
36
110
0
22
45
0
0
0
16
0
0
0
0
0
4
0
0
110
0
0
0
6
0
0
16
16
6
0
16
10
0
4
4
0
0
0
0
9
5
0
0
8
38
0
0
0
0
64
0
2
14
0
80
2
0
0
10
69
20
0
39
19
91
29
0
40
0
0
0
0
69
94
25
0
19
22
14
42
27
0
15
0
0
37
42
0
0
20
0
179
18
0
0
22
0
300
6
35
37
38
14
328
0
0
0
0
35
20
0
0
0
18
0
30
0
0
0
0
91
0
24
0
0
10
0
20
364
6
6
114
577
40
0
0
0
40
32
0
17
0
0
64
0
0
0
0
0
0
6
25
12
0
0
9
12
0
0
20
0
41
0
4
11
0
0
8
0
56
0
25
0
0
0
0
2
14
0
