593 768 241415940
322099983
145479161
675853798
374911890
298837462
830000406
328572350
956198080
52872897
684274753
588182904
237469705
688021207
982007190
357532912
15717317
169645766
875337099
132049097
322594005
177368996
521704774
128433078
581743139
54612485
34932220
646738454
365335793
304615966
182360761
327252510
418948201
220993089
709319273
769382288
859225618
929426750
681956492
390462323
355538672
942602798
417385688
259544269
673648353
107804199
158140626
913634988
593137306
812216315
721198774
302730082
92990523
982582148
706863321
788730494
823422398
109386826
836491215
365841780
781846401
734414930
137100776
911984976
690520053
197588724
471784642
541112452
510626299
442926434
22862215
796163382
206494698
826482017
573653019
362978786
586414926
772407208
172329959
293216841
256717299
175825185
431550209
970804095
126413447
784617362
517100486
853382843
368962055
772500807
715038021
537245718
627443322
635589834
490954554
92090937
725196331
359784545
583105955
71955747
632378987
265887574
282719075
312006133
906239621
200811902
553612818
300725353
114272882
268714903
522828639
758253872
469804730
970967505
997646765
169662534
578038816
308871085
889105676
992210297
895992433
112047735
916771853
388238152
767209219
838900641
520909626
372036444
693697876
182255666
714936998
999339933
689163510
741913999
762359186
581089796
302241477
710241015
276437869
899494585
242643561
982418243
475557982
321541946
461470055
39375768
389881858
596807143
749473438
279277329
937495150
891448068
280926063
427808472
62304462
690777198
120914888
640019211
605229731
536361140
652991389
852077106
885187867
425559272
992959506
645659059
280390508
341014972
129301181
451406411
622896375
179616414
891501739
870965326
524169854
669410841
799804831
56368789
798885
37053981
614250014
816338301
506639345
403591877
603644934
983592188
924673118
516735035
300377148
789199072
956183089
458626161
268879979
620224178
178773423
656307191
733969033
772311572
598244918
155420340
55183547
168514386
367894896
969948977
263921453
924452294
691839199
261003148
225217625
270185686
923409380
442599711
302833211
808573406
876808943
658544693
694841427
182643224
919032729
933813342
408897996
312770051
35077270
696714539
862781974
837426730
241182244
4205215
486653093
479520646
649960858
881222782
521968469
211203897
332863659
514586848
687139781
323306568
73556761
707508526
534255989
229155687
440169211
334764286
431178486
286795113
381649773
637529036
988872772
434113908
560189012
461447032
775254306
866691152
920251726
474822846
443830178
204924559
635282388
615964780
771493487
300731021
304087298
272266690
864513628
974871832
791342902
90074662
814850243
669354482
638042176
597384965
784007967
506979877
290077559
645688419
535426497
561086584
630685922
134665995
572794086
365921072
669473382
478343714
195748558
900408186
321342929
65681009
892576200
713149202
600213434
947440763
706478110
957920228
76022779
523516372
364349026
536964332
864259675
974317749
486041046
745950932
491764289
627893105
959507125
531443605
193738358
788406343
672996106
383065482
666264810
932830117
817405127
434011678
524793247
937759407
619021326
585848238
274023112
21376420
197921585
256781360
581079633
194127219
489268943
260220368
852551370
816453652
369101082
663411090
638341663
330589253
90879138
868006876
856061013
934277914
83757905
987768976
958733862
694259636
694842188
459036117
779878056
575046247
188321290
698937356
442857362
697529122
633012677
984970227
879651751
887425076
525788047
815894258
626066489
235326015
952240378
86788609
224754873
925287498
255455314
286945506
330602890
770650660
295718056
207677880
903446818
849370418
96034603
189137146
645445914
863154295
714177471
767383384
450704587
957286426
590091917
981313004
242597007
423096782
813352130
552297111
313978253
144756526
56781615
388181974
421263863
235773792
686572609
446689065
348117624
49832856
221038299
368941943
306792344
710974678
686709203
299539260
618216868
459453939
205346110
621425793
307392723
295703496
159186661
866930248
75573568
501944838
862003472
222796334
745915919
399919629
847361643
39127880
386842014
833493443
466711830
84104977
438931481
622912071
480538249
241701201
254737091
199897971
673542303
577179296
232542826
405031897
615367667
460285240
85850946
528406840
497980170
360938927
651469414
135522368
69524084
624731307
323442872
414138384
663855578
984962242
297461518
45728364
445247788
457720287
119167728
510849584
946686323
815672927
663262532
611684254
781989244
570282587
695319272
568684549
540617808
126979423
666627487
704471354
739925973
48775774
620878638
223332029
682350275
243220076
525233961
625086940
675077641
848080510
54816354
840179577
196395484
641785413
979851426
933136103
263462159
228842494
985873197
702432805
412377101
592231201
820986215
981531999
578325103
974080174
956778688
923894088
708682978
120735825
25697851
758625622
872420742
463445579
219538453
955615693
814374368
744080372
838550677
223438248
283694675
283520872
521862967
587522218
831158148
944324942
427474577
801387640
497989082
8771055
789549274
714427486
448215754
239280426
984052358
435691131
193651348
195929152
768054239
303139297
727384461
380473416
558266483
77356502
375776489
294913260
666852517
863341244
578246701
573623343
142610625
706532753
165185634
404483800
757153541
902009542
540112164
19800612
487231691
34608962
596409187
723899380
211667748
586946752
158532250
997839164
154893577
483541224
734330324
534632452
221672641
411798385
259046574
985653155
774658171
138356440
279157685
709600255
685657435
746397128
481500030
478216070
232693690
915153399
830949044
191427691
182446948
505937272
134146152
662150951
408361647
348635636
903917425
285309391
569959578
287499874
858968361
769783997
508897238
976928770
135524240
111325689
632914084
530704948
903616970
317871674
160425514
409635057
243079968
83325734
458309155
953669263
850059640
6729242
4 95 627876474 82
412 455 482343883 488
77 308 99654325 303
180 375 688281189 305
167 274 194146202 66
115 157 280265672 526
228 292 647411968 57
18 360 172584385 14
343 533 431917912 438
50 62 901177674 124
138 470 50819005 114
221 247 467476168 211
13 296 307199903 505
19 413 685234209 217
169 494 158513028 415
479 534 634168795 341
124 225 678497733 581
334 510 790290847 196
49 522 871745660 497
136 290 16783648 104
172 207 231791438 489
514 577 276165927 133
355 523 80958152 110
17 222 796493774 100
58 231 893551124 168
407 517 947570333 162
260 337 104754830 237
170 255 665056277 255
232 488 276870090 461
335 571 537587606 587
38 121 664979957 59
81 272 158562313 536
275 563 67497108 396
278 580 423804372 562
2 368 662559136 143
149 376 450806776 463
143 289 169565058 138
35 587 239074802 415
406 494 184149797 291
374 496 401016272 320
532 575 135459820 207
140 489 125877251 96
63 227 745720454 537
482 483 164738491 6
206 245 632563021 35
197 449 608518312 185
93 109 237240404 95
124 181 359658368 304
60 483 166252078 539
9 127 551178872 442
399 422 647680400 12
241 328 586241096 53
189 300 298337540 450
181 205 188114601 135
204 483 447039022 264
276 444 859186927 117
145 428 657495989 263
390 391 152128408 32
202 366 186260260 175
228 324 268065087 171
242 534 762688011 69
236 332 768956653 529
321 354 922378073 126
294 320 295010235 315
160 290 831022154 574
321 445 960742795 103
121 263 898456542 404
225 529 273770652 210
85 554 790872469 166
158 301 165893279 144
106 593 761424559 206
12 419 106841205 169
283 391 609857463 408
391 532 938087792 116
462 468 326626869 180
164 211 63329996 218
545 550 451123671 314
123 223 27635897 229
482 557 951734247 412
108 190 60667952 563
103 445 433398151 541
45 279 258284179 570
185 246 665409932 1
74 205 118663688 462
448 585 47350796 22
180 562 406545404 453
294 343 595535989 321
36 287 5078844 536
76 366 931472848 111
239 259 463640326 155
175 399 541324968 565
204 376 500762630 442
329 532 465608447 51
348 585 215990393 545
170 221 719438192 93
46 312 457286253 29
114 184 577579450 324
331 449 897525880 116
211 464 93632060 552
71 374 609739692 74
253 286 31457676 509
303 447 324777420 13
408 555 434789027 548
387 549 642474089 567
221 307 572307360 521
83 201 635917246 428
5 226 452762962 269
34 290 715987884 152
142 326 680614308 536
440 462 986671731 76
187 200 981182593 438
129 482 639457524 437
159 202 948121875 354
157 523 109693208 539
324 579 990662361 315
44 523 173297254 576
39 257 444503252 43
104 506 117937177 55
109 498 103105756 352
112 306 474941893 312
99 546 403171694 244
253 512 27998931 114
2 508 585519927 108
163 266 616294194 427
196 438 560301375 361
172 530 95307317 577
427 500 221816516 535
99 401 273625010 435
294 320 481147952 301
277 354 293186422 160
4 38 869897227 57
164 341 460722200 219
240 383 89247458 269
231 443 33113699 132
376 460 932182887 320
361 487 75421317 409
415 553 252936961 262
104 286 137828402 175
38 263 202986496 372
33 494 509106529 579
7 549 63247804 561
315 461 754423607 591
269 383 241868417 295
79 91 619104894 19
153 454 281028501 452
239 336 114696158 436
91 292 991467551 328
142 401 110945167 221
78 550 569259826 427
184 562 412772325 112
110 277 177867924 89
122 570 777988635 27
81 357 646291724 522
81 100 124776953 577
171 368 396795174 484
156 221 953204747 300
399 452 127474369 366
1 522 368184193 63
433 453 365567755 245
211 314 95552161 167
42 63 578924778 75
64 340 666024019 83
491 515 652527169 468
7 494 160840497 487
35 527 299634804 427
36 262 604182128 295
496 531 824509579 36
550 575 903844749 245
168 254 285786471 581
89 349 501439005 218
18 237 411798239 235
145 286 244193345 431
250 571 755088252 279
117 419 844189109 233
192 309 624655675 295
150 592 673776915 107
253 367 620153429 198
22 112 302520669 368
128 587 739951798 232
447 474 191306240 113
148 351 8335531 437
556 556 48478254 34
184 353 261747393 586
21 307 124923984 290
52 98 271392874 56
8 412 385979708 559
362 370 798253669 36
4 209 759940068 429
294 356 75494759 543
317 548 466403551 571
51 339 266656091 300
98 230 394371488 244
234 501 598102180 17
220 350 739637189 126
208 513 880884415 18
126 178 304358053 209
65 557 664302366 223
402 555 552192857 80
341 516 370005408 32
378 401 131563855 147
373 471 59732448 296
210 450 70097385 2
138 276 474544489 232
365 456 956693382 417
5 386 359864810 427
461 519 557997633 152
329 433 253574468 158
249 558 776274936 235
444 503 328213742 303
99 353 896507658 341
144 264 693702137 232
331 549 217027131 511
438 464 558367720 233
171 567 585252732 561
305 582 909037524 536
191 211 842604911 293
31 109 167473957 465
6 495 627177566 13
238 326 460714980 21
3 153 547389632 175
375 397 11239427 79
410 427 120307693 504
282 315 793933050 153
211 369 978029130 139
424 529 809703366 93
85 174 705881005 568
158 228 165992780 395
18 259 992333822 484
353 572 173052878 336
303 588 860385871 222
182 480 557578834 193
311 402 31782287 62
15 380 80083964 530
151 569 756560663 204
447 562 913397994 166
75 549 266147083 557
71 205 372128056 45
101 152 754545918 54
495 593 412626879 238
434 568 26921912 80
143 330 983628292 532
174 346 449779448 365
3 394 581533121 330
291 527 519988392 249
216 589 6510785 5
187 290 23351603 580
330 546 772375708 417
97 400 777523340 538
146 372 871598123 528
147 552 903408207 398
252 337 294115842 42
10 240 965552285 551
40 333 535627021 35
132 358 804604893 486
170 423 460236842 60
461 530 357315922 457
217 268 307257074 312
59 506 774589723 521
49 262 754343962 327
95 443 470924625 347
172 305 374393147 512
414 579 485787487 380
29 456 702993807 446
212 367 746436631 304
284 535 344362038 511
41 383 591118467 302
245 428 124248129 409
291 563 850987061 258
142 501 690603008 553
398 439 220712116 64
306 381 433345521 38
131 440 747823396 482
179 424 829871801 464
99 322 341117742 276
309 465 384083125 343
231 525 770545874 340
44 135 293479610 436
117 367 41587270 352
280 309 166822025 101
427 473 631932377 423
90 295 459035031 402
344 471 102225958 589
147 573 886460481 273
56 573 95599220 390
216 542 268448337 453
98 413 999274053 151
366 405 317156330 307
221 571 497673752 574
237 413 496214589 277
107 222 695351498 177
248 579 519867728 361
323 352 107720295 148
43 180 992839037 191
457 569 308051764 264
259 345 408133899 442
190 426 532551302 19
152 204 869598896 407
274 510 50174298 390
179 469 865205964 68
302 361 629076883 198
61 542 689732513 568
396 492 626980306 502
197 412 9485539 484
299 325 426781456 410
251 309 276663101 310
7 212 283532195 593
232 287 19406166 527
554 577 18696598 203
256 505 995522743 152
227 353 931350680 576
146 491 275026413 563
45 93 152571100 588
236 315 793971311 85
390 521 395984537 256
271 517 88799548 236
45 398 535282075 163
511 586 193602042 417
54 469 53637173 19
233 268 328993541 27
74 374 185185151 5
402 450 263868231 88
40 95 46280995 591
141 237 634348077 545
176 552 932387537 216
241 262 616124761 264
406 427 305297908 365
331 433 708792988 399
1 60 904502063 288
265 363 216520563 317
194 320 944755002 247
109 317 404503607 127
143 562 754688673 31
125 418 518655139 117
128 438 697969088 542
144 561 838247335 233
162 328 952243547 198
285 582 902568514 364
215 555 949655389 396
123 429 495871336 85
120 538 972242685 46
112 250 529597018 236
281 562 543116918 250
358 369 687888355 69
82 411 940077686 113
327 334 453697449 302
79 151 732225420 352
172 195 737063836 396
246 272 464194053 465
118 462 952967307 150
10 534 43554059 447
453 476 775465788 570
317 518 949181887 467
34 178 929044393 217
397 501 725885157 54
108 556 857927232 12
270 427 984338627 113
291 560 627264246 540
151 397 293835423 577
60 546 879235085 235
109 341 964748905 103
34 95 905873101 226
98 544 627470832 352
265 512 528957668 181
55 134 728698043 141
230 349 433818030 19
186 332 610487297 424
202 253 791582192 451
65 154 325605125 494
328 549 419588976 48
367 438 613946228 368
121 413 220246485 76
98 508 981149565 577
355 402 10840043 167
264 583 287507995 193
183 309 454725438 140
22 487 331229647 422
23 448 213241210 199
186 505 107245450 576
131 163 242581560 314
35 115 287490253 396
42 525 532268444 273
261 312 558684349 514
188 230 940447241 392
268 348 484652994 310
200 418 353600518 197
455 580 375767636 533
180 314 618743989 496
12 410 476016558 525
142 344 30046047 234
161 310 196338325 489
61 296 668873274 277
64 326 153453754 433
138 202 78967497 342
75 140 840360752 556
199 582 984993221 326
217 564 358354438 86
208 217 78986719 22
507 511 714323799 220
16 154 852818587 373
38 568 965865231 590
492 532 551019120 123
70 230 230315241 317
27 37 336829753 171
151 359 397334874 481
390 434 552524785 84
51 286 862541740 471
115 362 128336868 265
46 584 176576753 396
82 100 82806385 120
139 174 585910427 118
301 578 145034683 196
64 176 597939505 485
20 317 280123489 277
131 463 691364109 426
402 544 419793033 53
375 505 717922387 106
290 554 833221647 270
137 279 15659282 287
26 261 71100755 94
71 503 667853919 576
44 58 929811006 128
226 233 341799825 236
83 171 312684722 233
82 192 926338937 84
205 380 508411884 412
174 560 144421688 71
88 113 879462174 239
396 410 782431911 77
141 329 578286582 211
68 505 484978463 473
271 586 663980635 326
35 159 404735884 278
1 79 896240668 293
76 277 787272114 55
194 471 627020390 471
82 244 100710739 370
129 247 313033473 233
107 451 308795310 318
175 203 660480895 104
254 346 393200887 410
420 497 820199918 387
187 421 872453629 107
15 281 447576288 75
40 450 519731990 266
41 88 358462301 308
383 483 24053745 472
50 443 100614587 158
191 382 620685525 55
271 460 613883378 454
13 150 607695204 381
403 406 687565348 334
365 505 209946431 540
322 368 563587206 430
70 512 470483710 248
388 454 359056015 546
373 413 905647753 153
240 342 932159345 440
54 166 803861270 159
137 319 202861510 370
63 496 420357625 434
123 274 414569909 478
12 548 700607771 583
258 555 282211139 314
84 391 187567711 229
303 573 827848457 400
314 454 915149337 484
163 223 753159787 86
195 363 500296063 100
123 434 366223217 296
216 569 582854770 444
94 459 984790627 186
33 561 428341942 480
270 413 742262019 383
207 270 960918695 437
50 403 314908133 413
55 516 680720091 329
208 398 215425442 388
218 278 166793905 417
87 97 13252900 353
416 476 9770051 330
348 538 856921360 530
220 408 39056840 335
95 115 565158021 131
106 169 235702593 2
458 460 981988040 298
345 362 437510055 588
119 488 745612421 171
113 416 2966623 209
298 526 537328247 165
78 243 422747460 584
108 394 891107244 482
350 404 463261939 296
313 404 823913331 435
173 326 805747521 468
206 259 937304170 120
96 351 873879166 201
178 205 396153968 433
379 514 79914995 322
173 372 678674587 164
256 292 368643912 329
204 428 858982448 512
8 563 936730252 158
333 410 429927671 421
104 144 576893970 592
147 566 328038232 414
105 214 466389279 504
75 334 12110283 333
340 575 79590323 355
218 428 349395040 307
213 360 244549316 347
314 396 338733152 222
236 363 438683215 555
94 547 162360064 408
213 281 791010865 34
1 33 910648181 414
155 279 5880574 427
40 557 481774928 589
120 128 694245008 281
25 61 66513932 47
423 561 236636078 545
167 562 648217615 522
14 413 8206818 158
198 592 550872675 364
286 387 241881797 357
252 581 749143764 146
244 356 910314543 551
212 262 259257885 400
53 590 452392252 473
59 533 729699482 92
248 337 166606487 154
59 288 795620912 318
6 548 942951560 216
80 102 926814908 101
31 180 644386341 569
89 397 506486678 389
524 587 878281535 481
124 370 995845498 509
364 499 502208916 40
8 226 835764253 215
136 563 393219966 293
240 517 417466050 103
363 483 723992656 444
244 493 109923489 194
28 530 76754738 272
10 77 646467739 564
396 431 944634877 279
26 278 666657313 36
70 593 788357511 322
14 194 561057724 123
298 368 357198496 246
303 580 464102872 108
184 480 15650726 266
427 474 312714290 338
205 363 847179431 556
279 574 59764194 283
516 591 617036388 330
104 564 420178905 154
171 172 715170091 194
190 230 975600096 385
267 563 151013781 530
272 587 996632593 254
184 561 516177109 26
50 243 246886832 478
40 130 536537179 292
160 225 454277334 398
54 247 109858820 535
9 584 10365332 239
246 524 931783116 553
537 579 781471871 118
214 569 781153743 197
230 547 890015661 544
486 580 642173376 126
380 400 673575737 151
500 505 635766184 61
210 286 123684832 371
12 223 106465637 536
67 217 455953259 110
22 139 609520758 360
232 481 288304703 32
294 331 115988605 522
298 406 934724318 145
481 558 995751868 231
170 381 157330098 169
113 566 943165729 239
98 222 742096134 558
112 379 545321431 414
186 356 840444003 217
339 543 596742209 298
364 517 103362625 389
22 588 105962550 293
73 539 695576637 2
150 467 117888691 398
103 401 730326863 245
32 517 288406232 538
201 218 928719292 400
86 498 234121725 371
195 404 377589472 38
178 253 799848429 270
37 299 741333731 353
504 579 582223440 488
235 584 190406270 478
44 195 496532317 124
323 513 516132207 287
472 548 690282445 529
305 432 294596827 179
21 563 935457507 53
419 571 84726982 53
22 158 698776397 113
5 497 347652614 323
168 276 873076207 367
342 429 270947289 226
140 370 790531836 460
86 260 655510928 450
30 309 881278315 409
423 519 179346200 174
3 282 945792100 482
133 504 598457976 557
10 447 665549699 166
20 40 664185120 63
323 461 965156428 305
62 266 460009250 440
83 457 57427100 507
417 428 579738318 161
11 539 106167435 463
306 471 891347009 403
306 357 592711313 70
275 283 427911539 508
267 282 471902417 408
165 593 3976750 103
232 452 445555571 17
265 532 797041558 145
85 466 632645134 174
294 591 798997746 564
437 454 344147317 241
203 210 110759819 518
108 312 316354753 382
97 278 583835090 93
428 478 184724118 250
282 592 262958375 573
105 457 513266015 64
284 467 556538512 191
82 175 458804916 235
64 456 727373522 6
173 284 449214551 427
52 518 791203738 111
137 210 714174009 446
158 452 375732064 51
21 472 832673396 525
17 50 57161059 12
24 297 373892742 417
136 426 248949595 140
428 522 956442715 343
104 414 469088237 141
47 549 851914711 554
305 530 437013584 108
129 273 472983713 529
97 507 124330630 563
51 140 474989508 124
281 352 769538439 12
303 576 212514227 232
235 284 189092859 381
479 543 397672613 323
125 240 322952140 314
258 519 917798277 589
164 175 649644137 451
540 592 228411478 307
103 357 702149745 107
191 371 17388381 588
30 422 527143541 134
101 326 30585548 149
362 507 383691224 67
418 552 706011373 539
4 514 425252914 479
156 243 848523512 153
132 395 283862606 373
106 282 746954709 99
86 528 584152230 150
260 293 305502888 380
42 122 959138578 56
118 422 422872291 96
150 195 554564150 459
143 464 283302658 492
222 365 192211354 309
256 328 152796477 559
361 437 820533942 345
259 440 413149375 163
267 282 107045082 586
361 396 726255587 485
59 241 261252016 1
114 548 440515862 562
74 348 74619214 185
139 512 220569171 255
168 384 392025100 398
223 581 956630715 291
426 513 981765060 473
301 411 942329727 343
1 83 12640780 370
69 434 91051786 264
394 541 342169495 430
433 586 537802901 172
279 506 858592825 272
407 416 728929703 346
304 580 237338282 107
73 565 752471510 19
6 415 926909439 100
148 472 481309407 148
4 219 218974802 377
328 342 602947400 558
58 332 378462262 383
175 210 468972631 117
417 588 923983546 90
244 266 533555455 276
344 582 505977266 200
222 381 966325860 489
522 590 312256995 297
84 192 126217306 576
81 129 3129156 242
226 312 942246073 584
9 297 550011810 480
144 482 54824885 291
276 511 998405083 581
224 268 882963307 5
6 527 128332555 183
398 428 865188087 178
103 121 112307460 407
93 261 260618720 301
238 388 990654238 587
61 495 70317361 156
294 396 846931845 416
164 231 249119450 334
184 417 281205486 583
403 469 76566544 527
126 224 424969134 408
323 524 428503125 8
137 553 197636932 514
243 492 928443464 467
241 418 299153197 416
16 497 244439309 497
155 338 901968195 411
217 220 909262348 92
126 425 18529616 284
146 299 655235050 5
239 471 238187586 575
22 295 594306634 465
338 569 216454413 206
125 279 172301075 223
34 142 923755425 154
504 508 361164895 416
117 435 764667999 522
193 485 858714399 249
54 89 871908336 587
240 510 34117234 162
221 288 819620668 141
22 49 500161975 319
119 398 393889829 372
65 470 661975851 588
459 570 137746157 358
198 543 620787742 40
16 361 904406322 474
130 395 371717818 306
382 507 141248660 496
73 488 416872176 171
87 402 819978922 359
177 309 217676567 403
58 476 356857830 504
458 562 535184001 396
124 513 972519125 287
350 557 615922421 469

