189966641
210398902
675853798
374911890
213198492
219301502
328572350
194805931
52872897
684274753
588182904
217944945
170469214
29561135
357532912
15717317
195535987
220114533
220359377
322594005
127489316
24141594
128433078
581743139
54612485
192877285
120707970
365335793
119351700
182360761
200605150
170922485
220993089
213425686
158480532
209926904
929426750
187384753
390462323
210715647
942602798
103864997
132282706
673648353
146637830
232773364
13049510
152244286
812216315
721198774
184949160
92990523
33135521
202329549
186091453
238435496
220723145
836491215
158069960
140667555
241415940
5248172
229919942
200382069
197588724
31294658
178581654
218186914
181061955
194989797
61757566
206494698
826482017
149296699
183548448
107112874
225321544
172329959
0
8941331
175825185
149572919
176050613
232716266
165924310
201839556
853382843
137951965
66101983
232994453
537245718
241415940
204275026
38872058
99406563
189966641
359784545
583105955
218229098
234350107
241415940
282719075
2250964
208117189
200811902
211930023
169949849
191209970
268714903
195051289
221254865
115930609
216745697
4642614
169662534
219100180
187767953
235801615
992210297
241415940
112047735
916771853
205403617
206544748
838900641
208380074
155938525
241415940
182255666
714936998
229919942
5667040
67898233
201487094
48283188
302241477
710241015
32845706
236860922
173388080
227215002
475557982
155900756
40235990
220697407
212153401
30176992
198332479
19227818
204903822
241415940
241415940
224955762
234771464
126455968
33853729
640019211
6638938
222188121
80471980
221297945
14253339
189683952
200375230
191867690
214408220
0
215054429
76296547
622896375
197311104
210063220
870965326
210448973
174267135
799804831
187305470
233628329
169745582
68975982
161592927
506639345
52723021
603644934
35992921
237458301
516735035
300377148
789199072
956183089
204678731
268879979
139568590
120707970
656307191
64261796
219715630
234187917
112774112
205052032
225384412
367894896
0
194746032
924452294
140479103
27433629
225217625
3176525
67279852
185213287
302833211
808573406
876808943
223778245
234746991
223062681
135044931
119351700
144849564
38069436
171608921
90336287
862781974
837426730
161858414
4205215
486653093
98761066
649960858
241415940
133043091
164325135
13081651
202892119
150884962
21665533
156066870
234503148
534255989
174355956
4926855
334764286
139767123
215578782
180211898
235713201
178745887
224937036
89939271
461447032
775254306
866691152
241415940
145236862
140825965
204924559
214886715
615964780
771493487
300731021
93787487
164060832
39576383
47699117
9754179
90074662
814850243
16764995
219180261
597384965
222356786
171584882
290077559
645688419
199430559
157163397
193132752
241415940
572794086
187767953
669473382
22836642
11266077
900408186
321342929
238320863
225321544
713149202
50470231
26349232
198969181
44706655
76022779
161625925
193132752
206428122
199020945
974317749
110266104
184276072
150884962
96566376
187252107
234468718
195129425
182200709
191120952
114001971
154983072
932830117
116065355
434011678
187305470
241415940
619021326
142450399
220423249
198305950
232895377
140021245
219301502
189418660
142809429
260220368
197869393
197419577
237830554
163118878
216003735
330589253
90879138
10213751
170411251
12773330
72424782
987768976
171002957
694259636
198861265
220587898
48283188
230541348
188321290
232010124
241415940
156594123
633012677
984970227
879651751
887425076
182007095
216631794
230442488
29665518
952240378
156210314
58198485
225372475
210727473
162155887
330602890
770650660
196188649
153628325
58118652
232556639
204532949
189137146
8725877
154903690
194857151
177404137
450704587
957286426
590091917
147531963
242597007
423096782
177511720
115879651
186066919
198400008
56781615
241415940
421263863
213560254
115020159
42326171
15279489
49832856
235801615
368941943
306792344
78205163
213825546
299539260
183565115
196882902
241415940
621425793
147662176
143397438
216092589
866930248
75573568
38118306
199960677
233656141
160943960
234855724
164601777
168445585
196375652
57625504
193132752
192956535
438931481
622912071
480538249
173324264
150237387
179777827
179009098
577179296
200092490
185372953
168382546
199226746
185955521
88405837
497980170
172439957
174108730
209926904
152197005
241415940
241415940
414138384
196665668
984962242
138744793
45728364
213483517
457720287
221841674
21152634
946686323
815672927
209686987
201179950
91929910
117385732
186779700
568684549
540617808
124156769
666627487
194182386
219469036
60119144
40235990
45636283
209030874
208815977
525233961
230793638
219469036
215881561
54816354
190180182
7170770
238672577
233043132
933136103
263462159
228842494
106912773
192754801
206331270
237643815
238829340
981531999
224294242
221297945
199939192
65301032
216003735
236889391
25697851
758625622
177688129
463445579
171673557
955615693
51731987
185820152
838550677
223438248
283694675
283520872
184172985
587522218
195898376
72254770
427474577
26394809
160943960
241415940
789549274
125497968
218883785
239280426
116944891
435691131
193651348
195929152
120707970
303139297
727384461
199383700
220225826
77356502
375776489
225392758
50528917
28825783
214828281
193132752
63402166
706532753
238847685
157111960
757153541
51020894
48966440
179964609
176342919
214591946
123276224
115429195
195616774
11495997
230028395
159786089
165748257
483541224
114183214
534632452
221672641
226460970
29464150
230167168
227497327
177289830
218640851
203126852
209227148
76062556
481500030
158714257
194797689
49927870
223593286
134119966
182446948
176248446
189326193
209227148
201179950
140479103
903917425
176986605
158192781
171995905
48726153
235542072
508897238
136384329
9285228
241415940
632914084
181577801
238641044
317871674
45265488
241415940
217631118
228515851
235050924
25865993
206086778
150006020
